current-wind-surface-level-gfs-1.0.json
{"header": { "discipline":0, "disciplineName":"Meteorological products", "gribEdition":2, "gribLength":78650, "center":7, "centerName":"US National Weather Service - NCEP(WMC)", "subcenter":0, "refTime":"2019-09-28T00:00:00.000Z", "significanceOfRT":1, "significanceOfRTName":"Start of forecast", "productStatus":0, "productStatusName":"Operational products", "productType":1, "productTypeName":"Forecast products", "productDefinitionTemplate":0, "productDefinitionTemplateName":"Analysis/forecast at horizontal level/layer at a point in time", "parameterCategory":2, "parameterCategoryName":"Momentum", "parameterNumber":3, "parameterNumberName":"V-component_of_wind", "parameterUnit":"m.s-1", "genProcessType":2, "genProcessTypeName":"Forecast", "forecastTime":0, "surface1Type":103, "surface1TypeName":"Specified height level above ground", "surface1Value":10.0, "surface2Type":255, "surface2TypeName":"Missing", "surface2Value":0.0, "gridDefinitionTemplate":0, "gridDefinitionTemplateName":"Latitude_Longitude", "numberPoints":65160, "shape":6, "shapeName":"Earth spherical with radius of 6,371,229.0 m", "gridUnits":"degrees", "resolution":48, "winds":"true", "scanMode":0, "nx":360, "ny":181, "basicAngle":0, "lo1":0.0, "la1":90.0, "lo2":359.0, "la2":-90.0, "dx":1.0, "dy":1.0 }, "data":
[rows 0 to 26 of 181, columns 118 to 176 of 360]
3.806184,3.836184,3.866184,3.896184,3.9261842,3.9561841,3.9761841,4.006184,4.026184,4.046184,4.0761843,4.0961843,4.106184,4.126184,4.146184,4.156184,4.176184,4.186184,4.196184,4.206184,4.216184,4.216184,4.226184,4.226184,4.236184,4.236184,4.236184,4.236184,4.236184,4.226184,4.226184,4.216184,4.216184,4.206184,4.196184,4.186184,4.176184,4.156184,4.146184,4.126184,4.106184,4.0961843,4.0761843,4.0561843,4.026184,4.006184,3.9861841,3.9561841,3.9261842,3.896184,3.866184,3.836184,3.806184,3.776184,3.746184,3.7061841,3.6661842,3.636184,3.596184
5.796184,5.8061843,5.816184,5.8261843,5.836184,5.856184,5.866184,5.876184,5.876184,5.896184,5.896184,5.906184,5.906184,5.896184,5.896184,5.886184,5.876184,5.856184,5.836184,5.8061843,5.776184,5.736184,5.696184,5.656184,5.616184,5.566184,5.516184,5.466184,5.406184,5.356184,5.296184,5.236184,5.166184,5.106184,5.0561843,4.996184,4.936184,4.876184,4.816184,4.746184,4.676184,4.606184,4.526184,4.456184,4.376184,4.296184,4.216184,4.136184,4.0561843,3.9861841,3.896184,3.826184,3.746184,3.6761842,3.596184,3.516184,3.4361842,3.366184,3.286184
7.316184,7.316184,7.316184,7.3261843,7.316184,7.3061843,7.296184,7.276184,7.246184,7.186184,7.126184,7.066184,6.996184,6.916184,6.8261843,6.746184,6.666184,6.586184,6.516184,6.446184,6.376184,6.2861843,6.196184,6.106184,6.016184,5.926184,5.836184,5.766184,5.686184,5.606184,5.526184,5.446184,5.3461843,5.256184,5.156184,5.046184,4.946184,4.836184,4.726184,4.606184,4.496184,4.386184,4.266184,4.156184,4.0361843,3.9161842,3.796184,3.6761842,3.566184,3.4461842,3.326184,3.2061841,3.086184,2.9661841,2.846184,2.7261841,2.606184,2.496184,2.386184
8.366184,8.256184,8.136184,8.016184,7.886184,7.7861843,7.696184,7.606184,7.486184,7.366184,7.246184,7.126184,6.966184,6.8261843,6.706184,6.566184,6.436184,6.3061843,6.176184,6.0561843,5.956184,5.8461843,5.726184,5.606184,5.486184,5.366184,5.246184,5.126184,4.976184,4.816184,4.656184,4.496184,4.3461843,4.196184,4.0361843,3.886184,3.7361841,3.606184,3.4861841,3.396184,3.306184,3.2261841,3.136184,3.046184,2.9461842,2.836184,2.7361841,2.626184,2.516184,2.4161842,2.296184,2.1861842,2.086184,1.9861841,1.8861841,1.7861841,1.686184,1.5461841,1.4061841
7.696184,7.5961843,7.526184,7.5561843,7.546184,7.446184,7.3061843,7.146184,6.966184,6.8061843,6.666184,6.5361843,6.426184,6.366184,6.3461843,6.3061843,6.226184,6.156184,6.0561843,5.976184,5.8461843,5.726184,5.626184,5.526184,5.416184,5.3061843,5.196184,5.0761843,4.946184,4.816184,4.676184,4.5361843,4.406184,4.276184,4.136184,3.9861841,3.836184,3.6961842,3.546184,3.396184,3.246184,3.106184,2.9861841,2.886184,2.796184,2.7161841,2.636184,2.546184,2.4461842,2.336184,2.1961842,2.036184,1.8661841,1.706184,1.5161841,1.326184,1.1461841,0.9561841,0.79618406
7.266184,7.106184,6.886184,6.646184,6.416184,6.186184,6.066184,5.986184,5.936184,5.896184,5.856184,5.736184,5.5761843,5.446184,5.3061843,5.186184,5.0961843,4.996184,4.916184,4.856184,4.816184,4.796184,4.766184,4.546184,4.276184,3.9861841,3.9761841,4.026184,4.0361843,4.026184,3.9661841,3.896184,3.796184,3.646184,3.386184,3.136184,2.9161842,2.7061841,2.526184,2.356184,2.1961842,2.056184,1.9061841,1.7861841,1.6561841,1.5461841,1.4161841,1.306184,1.196184,1.1161841,1.076184,1.056184,1.0361841,1.0061841,0.9461841,0.8261841,0.67618406,0.5161841,0.33618408
5.686184,5.646184,5.5761843,5.506184,5.436184,5.376184,5.2861843,5.156184,4.976184,4.736184,4.516184,4.356184,4.2861843,4.226184,4.106184,3.9461842,3.636184,3.276184,2.996184,2.766184,2.6661842,2.596184,2.536184,2.4661841,2.4161842,2.356184,2.276184,2.1661842,2.036184,1.8861841,1.676184,1.5461841,1.4761841,1.446184,1.4761841,1.4961841,1.4661841,1.3961841,1.306184,1.196184,1.066184,0.9461841,0.8261841,0.6861841,0.54618406,0.4561841,0.5061841,0.6261841,0.7061841,0.6361841,0.3961841,0.13618408,-0.093815915,-0.2938159,-0.4838159,-0.6738159,-0.8138159,-0.94381595,-1.043816
3.856184,3.896184,3.9361842,3.9161842,3.796184,3.646184,3.646184,3.7361841,3.806184,3.7161841,3.546184,3.306184,3.1961842,3.1761842,3.136184,3.026184,2.9461842,2.846184,2.756184,2.646184,2.576184,2.496184,2.376184,2.256184,2.1861842,2.126184,2.076184,1.936184,1.7661841,1.686184,1.7661841,1.9061841,1.946184,1.936184,1.8461841,1.7261841,1.5361841,1.336184,1.186184,1.0961841,0.9461841,0.7861841,0.6461841,0.46618408,0.20618409,-0.093815915,-0.41381592,-0.5638159,-0.4238159,-0.25381592,-0.33381593,-0.6238159,-0.9738159,-1.2238159,-1.3638159,-1.443816,-1.4638159,-1.4738159,-1.4738159
3.496184,3.316184,3.136184,2.9661841,2.886184,3.016184,3.4561841,3.4661841,3.1761842,3.036184,2.9161842,2.786184,2.576184,2.496184,2.646184,2.9661841,2.836184,2.526184,2.276184,2.066184,2.006184,1.9961841,2.146184,2.146184,2.046184,1.696184,1.196184,0.9461841,1.1061841,1.306184,1.326184,1.336184,1.3561841,1.4761841,1.696184,1.7761841,1.7761841,1.826184,1.7261841,1.3761841,1.0161841,0.72618407,0.49618408,0.17618409,-0.18381591,-0.57381594,-0.95381594,-1.173816,-1.303816,-1.323816,-1.2438159,-1.1538159,-1.163816,-1.2238159,-1.313816,-1.3938159,-1.443816,-1.4738159,-1.4938159
2.496184,2.7161841,3.366184,3.616184,3.516184,3.586184,3.6661842,3.7161841,3.7161841,3.556184,3.276184,3.026184,2.7161841,2.4561841,2.306184,2.256184,2.326184,2.536184,2.9161842,3.346184,3.526184,3.6561842,3.626184,3.286184,2.826184,2.626184,2.846184,3.4861841,3.9861841,3.816184,3.4161842,2.9461842,2.4161842,2.076184,2.1861842,2.4661841,2.316184,1.936184,1.456184,1.056184,0.73618406,0.5661841,0.5761841,0.8861841,0.9961841,0.7561841,0.34618407,-0.023815919,-0.3838159,-0.7138159,-0.9638159,-1.1138159,-1.2438159,-1.323816,-1.3538159,-1.3938159,-1.323816,-1.2838159,-1.2038159
3.356184,3.316184,3.266184,3.246184,3.246184,3.2161841,3.1761842,3.276184,3.396184,3.366184,3.2261841,3.086184,2.9661841,2.9861841,3.046184,3.2161841,3.266184,3.106184,3.136184,3.4261842,3.576184,3.596184,3.9761841,4.446184,4.3261843,3.876184,3.626184,3.4761841,3.506184,3.7261841,3.816184,3.836184,3.6561842,3.396184,3.126184,2.876184,2.6561842,2.366184,1.8661841,1.4061841,1.556184,1.6261841,1.4161841,1.1461841,0.9361841,0.7461841,0.5961841,0.55618405,0.5161841,0.41618407,0.22618409,-0.033815917,-0.31381592,-0.58381593,-0.8138159,-0.9638159,-1.053816,-1.1138159,-1.1138159
2.6961842,2.646184,2.636184,2.6861842,2.7161841,2.7261841,2.6961842,2.756184,2.846184,2.836184,2.576184,2.376184,2.2361841,1.9661841,1.8561841,1.8861841,1.816184,1.8761841,2.296184,2.796184,3.056184,3.076184,3.4161842,3.836184,3.7061841,3.4261842,3.306184,3.1661842,3.026184,3.076184,2.886184,2.346184,2.1561842,2.776184,3.636184,3.7061841,3.276184,2.876184,2.646184,2.4361842,2.2261841,2.106184,2.246184,2.356184,2.366184,2.326184,2.276184,2.136184,1.576184,1.3561841,1.3761841,1.2961841,1.0061841,0.54618406,0.056184083,-0.3538159,-0.6138159,-0.83381593,-1.0838159
2.6861842,2.506184,2.536184,2.516184,2.636184,2.6661842,2.506184,2.7361841,2.876184,2.9861841,3.106184,2.6961842,2.536184,2.566184,2.366184,2.4061842,2.6761842,2.996184,3.066184,2.846184,2.996184,3.2161841,3.4861841,3.7061841,3.826184,3.9261842,3.9061842,3.816184,3.776184,3.746184,3.866184,3.766184,3.506184,3.006184,2.536184,2.1961842,1.826184,1.556184,1.7561841,2.566184,3.4361842,3.6561842,3.326184,2.876184,2.626184,2.4761841,2.336184,2.1961842,2.076184,1.926184,1.576184,1.1461841,0.7761841,0.7061841,0.61618406,0.4861841,0.3261841,0.10618408,-0.23381592
1.7261841,1.8461841,1.7661841,2.016184,2.046184,2.076184,2.046184,1.9861841,2.2261841,2.816184,3.246184,3.646184,3.626184,3.7161841,3.826184,4.016184,4.166184,4.0961843,3.9861841,3.9861841,4.0361843,3.9661841,3.7361841,3.4661841,3.616184,3.9261842,4.0961843,4.016184,4.006184,4.066184,3.9661841,3.796184,3.6761842,3.4861841,3.576184,3.626184,3.256184,3.376184,3.1961842,3.266184,3.506184,2.806184,1.7761841,1.9761841,2.116184,1.7461841,1.4661841,1.3661841,1.456184,1.2961841,1.0361841,0.8861841,0.7161841,0.31618407,-0.24381591,-0.70381594,-1.1338159,-1.063816,-0.82381594
0.67618406,0.8261841,1.0961841,1.3761841,1.7261841,1.936184,2.1761842,2.556184,3.076184,3.526184,3.796184,3.866184,3.816184,3.4761841,3.4061842,3.4761841,3.796184,3.836184,3.556184,3.336184,2.4561841,3.056184,3.4561841,3.026184,3.046184,3.626184,3.276184,3.326184,3.796184,3.826184,3.776184,3.6961842,3.526184,3.366184,3.356184,3.286184,3.076184,2.6761842,2.396184,2.256184,1.3561841,1.0261841,1.1661841,0.86618406,0.40618408,0.3861841,0.43618408,-0.10381592,-0.18381591,-0.093815915,-0.14381592,-0.3938159,-0.5038159,-0.5538159,-0.6538159,-0.40381593,-0.093815915,0.09618408,0.33618408
-0.08381592,-0.43381593,-0.30381593,-0.033815917,0.55618405,1.066184,1.7361841,2.4761841,2.9061842,3.036184,3.1761842,3.286184,3.096184,3.1561842,3.4661841,3.626184,3.786184,3.896184,3.9761841,3.7061841,2.776184,2.526184,2.4461842,2.506184,2.896184,3.1761842,3.346184,3.506184,3.316184,2.516184,1.956184,2.306184,2.7361841,3.4561841,2.9761841,2.6961842,2.4361842,2.066184,1.8861841,1.0461841,0.31618407,-0.44381592,-1.2138159,-1.1138159,-0.37381592,-0.8138159,-1.1138159,-1.073816,-1.1438159,-1.2838159,-1.4538159,-1.6338159,-1.6238159,-1.4838159,-1.683816,-2.0238159,-2.413816,-2.683816,-2.7738159
-2.963816,-2.923816,-1.4038159,-0.34381592,0.07618408,0.5261841,1.3861841,1.4961841,1.956184,2.786184,3.4261842,3.336184,3.4461842,3.6561842,3.846184,4.106184,4.186184,4.426184,4.696184,4.796184,4.996184,4.896184,4.396184,3.866184,4.626184,4.8061843,4.406184,4.006184,3.7361841,3.576184,3.7061841,3.596184,3.2161841,2.516184,1.9661841,1.566184,0.79618406,0.026184082,-0.7138159,-0.9738159,-1.1538159,-1.4538159,-1.563816,-1.543816,-1.7438159,-2.153816,-2.643816,-3.183816,-3.183816,-3.0938158,-3.2838159,-3.393816,-3.743816,-4.523816,-5.053816,-5.013816,-4.913816,-5.263816,-5.413816
-0.6538159,-0.57381594,-1.313816,-1.1038159,-0.44381592,0.116184086,1.076184,2.256184,2.756184,2.7361841,2.136184,1.8561841,1.5361841,1.566184,2.096184,2.2061841,2.496184,2.756184,3.4461842,4.366184,5.0361843,5.616184,6.066184,5.496184,5.976184,5.486184,5.956184,5.836184,4.926184,4.106184,3.016184,2.596184,2.4461842,1.4961841,0.7161841,0.12618408,-0.24381591,-0.6138159,-0.9838159,-1.433816,-1.943816,-2.453816,-2.643816,-2.673816,-2.733816,-2.493816,-2.5538158,-3.5338159,-4.493816,-5.003816,-5.283816,-5.633816,-6.123816,-6.573816,-7.003816,-7.1738157,-7.383816,-7.303816,-7.003816
-0.27381593,0.04618408,0.13618408,0.5961841,1.1361841,1.446184,1.436184,1.8461841,2.026184,1.556184,1.806184,0.7861841,0.13618408,-0.08381592,-0.37381592,-0.34381592,-0.16381592,0.16618408,0.6461841,1.3661841,2.9161842,5.436184,2.4261842,1.686184,3.306184,3.116184,2.7161841,2.9461842,3.9661841,2.836184,2.516184,2.126184,1.5261841,1.0461841,0.47618407,-0.9238159,-1.7838159,-2.0738158,-2.5238159,-2.8038158,-3.123816,-3.173816,-3.233816,-3.8138158,-4.413816,-4.843816,-5.163816,-5.553816,-5.993816,-6.2138157,-6.613816,-7.253816,-7.493816,-7.873816,-8.423816,-9.143816,-9.703815,-10.323816,-10.263816
-0.013815918,0.056184083,0.06618408,0.2661841,0.28618407,0.40618408,0.13618408,0.6961841,1.8961841,1.6661841,1.4161841,1.206184,0.91618407,-0.43381593,-0.37381592,0.7061841,1.3461841,0.9661841,0.6261841,0.54618406,0.8261841,0.46618408,1.566184,1.7161841,1.436184,2.856184,2.6561842,2.006184,1.5161841,1.456184,1.1361841,1.4961841,1.2561841,0.12618408,-0.7338159,-1.913816,-2.5838158,-2.2838159,-1.5838159,-2.7938159,-4.263816,-5.353816,-5.613816,-5.483816,-5.233816,-4.993816,-5.023816,-5.6938157,-6.523816,-7.1938157,-7.783816,-7.763816,-7.7138157,-8.9138155,-9.473816,-9.693816,-9.513816,-8.523816,-7.513816
0.12618408,-0.04381592,-0.3838159,-1.063816,-0.18381591,-0.24381591,0.12618408,0.46618408,1.6361841,1.066184,1.5361841,1.4161841,0.37618408,1.326184,0.8461841,1.826184,2.266184,0.9361841,2.396184,2.106184,1.7261841,1.6561841,1.3861841,1.066184,1.2761841,-0.18381591,1.7161841,2.036184,1.3861841,0.5161841,-0.20381592,-0.69381595,-0.63381594,0.14618409,-1.433816,-2.193816,-3.623816,-4.143816,-4.2138157,-4.723816,-5.1538157,-5.473816,-8.023816,-6.723816,-3.673816,-2.5438159,-3.153816,-5.013816,-6.823816,-7.4638157,-7.333816,-8.073816,-8.393816,-3.8138158,-4.043816,-6.023816,-5.603816,-5.083816,-4.553816
-0.14381592,0.3561841,0.47618407,-0.023815919,-0.11381592,-0.013815918,0.3561841,0.5961841,1.4161841,1.566184,1.446184,0.6561841,0.4261841,1.066184,1.6461841,1.7761841,1.426184,1.7861841,1.5961841,2.296184,1.196184,0.5861841,0.49618408,0.27618408,-0.16381592,-0.06381592,0.7861841,0.9061841,-0.07381592,0.14618409,0.006184082,-0.30381593,-1.043816,-1.7338159,-2.123816,-2.5238159,-3.953816,-4.893816,-5.663816,-5.523816,-6.093816,-6.203816,-5.373816,-0.9238159,-0.13381591,-2.143816,-1.683816,-2.123816,-2.0238159,-0.13381591,-0.003815918,-0.23381592,-2.913816,-2.0938158,2.536184,0.9961841,0.30618408,0.91618407,-1.163816
0.47618407,0.5361841,0.07618408,-0.07381592,-0.10381592,-0.3538159,0.13618408,1.2161841,0.37618408,0.34618407,0.47618407,-0.47381592,-1.1038159,0.73618406,0.72618407,0.8361841,0.72618407,1.0261841,1.4861841,1.2161841,1.6361841,-0.10381592,-0.33381593,0.27618408,0.66618407,0.72618407,0.79618406,-0.20381592,-1.673816,-0.4538159,-0.13381591,-0.76381594,-1.7338159,-2.733816,-2.653816,-2.723816,-2.913816,-3.253816,-3.963816,-4.073816,-4.1538157,0.5761841,-0.37381592,-1.9638159,-0.7938159,0.16618408,-0.83381593,-0.7838159,-0.20381592,-1.6438159,-1.4538159,-0.8738159,0.6261841,0.12618408,-0.27381593,-1.053816,-1.423816,-4.083816,-2.3238158
-0.6038159,-1.0838159,-1.8438159,-2.3038158,-1.173816,-2.503816,0.3861841,-0.9638159,-0.3538159,0.15618408,-0.5338159,-0.49381593,1.306184,0.3561841,0.66618407,0.46618408,0.3561841,-0.19381592,0.026184082,0.7061841,1.4761841,0.92618406,0.46618408,1.176184,0.2661841,0.24618408,-1.303816,-0.6538159,-0.33381593,-0.9338159,-1.3938159,0.61618406,-0.7538159,-1.9538159,-2.2738159,-1.413816,-2.213816,-4.113816,-3.3338158,-2.2838159,-3.603816,-2.5938158,-2.943816,0.37618408,-1.7138159,-1.4738159,1.2461841,-0.9938159,-0.7838159,-1.3338159,-1.7438159,-1.2538159,-1.7138159,-2.663816,-3.0338159,-2.3438158,-2.933816,-1.8938159,-1.4638159
-1.4038159,-1.5938159,-1.3838159,-1.8938159,-1.913816,-1.5038159,-0.95381594,-0.8138159,-0.5338159,-0.27381593,-0.4538159,0.026184082,-0.22381592,0.2661841,0.09618408,0.3961841,0.40618408,0.6261841,1.3761841,1.2361841,1.0161841,0.9661841,0.5661841,0.24618408,0.3261841,0.5861841,-0.12381592,-0.37381592,0.54618406,0.10618408,-0.23381592,-1.8638159,-2.503816,-2.8438158,-0.8438159,-1.0238159,-1.0138159,-1.943816,-3.8238158,-2.993816,-4.583816,-3.5538158,-2.5638158,-0.37381592,-3.203816,-2.233816,-2.8338158,-1.9038159,-2.923816,-1.163816,-1.2338159,-1.673816,-1.413816,-2.743816,-2.623816,-3.0138159,-4.6938157,-0.3838159,-1.3938159
-0.6238159,-1.1138159,-1.183816,-1.2838159,-2.0438159,-3.373816,-2.493816,-1.4638159,-1.8338159,-0.6238159,0.21618408,0.43618408,-0.24381591,-0.9738159,-0.2638159,-0.18381591,0.13618408,0.07618408,0.17618409,0.61618406,0.3261841,1.1161841,0.24618408,-0.88381594,0.23618408,0.5861841,-0.3938159,-1.1038159,-0.16381592,-1.303816,0.61618406,0.19618408,-1.683816,-3.443816,-1.6138159,-0.31381592,-1.303816,-1.1138159,-1.8938159,-3.5938158,-1.0838159,-1.7038159,-3.0438159,-3.193816,-1.923816,-2.163816,-3.673816,-3.103816,-2.8338158,-1.913816,-1.183816,-2.3438158,-1.2538159,-3.433816,-2.853816,-2.113816,-4.553816,-1.8338159,-1.053816
-1.0938159,-1.1038159,-1.1238159,-1.5938159,-2.8238158,-1.683816,-1.2238159,-1.7038159,-4.113816,-1.8638159,-0.70381594,-1.3938159,-2.363816,-1.2438159,-0.8538159,-0.9238159,-0.7438159,-0.88381594,-1.063816,-0.5938159,-0.63381594,-0.5938159,-0.08381592,0.22618409,-0.3538159,-0.33381593,-0.06381592,-0.4838159,0.016184082,-0.94381595,-0.2938159,-0.8638159,-0.51381594,-2.653816,-3.253816,-1.0838159,-1.563816,-0.7538159,-2.433816,-0.9338159,-1.0938159,-2.873816,-2.0138159,-5.993816,-3.933816,-2.5538158,-1.573816,-1.0138159,-0.19381592,-1.2738159,-2.873816,-2.913816,-2.7638159,-5.683816,-4.2138157,-2.3038158,-3.373816,-1.3638159,-2.603816
