current-wind-surface-level-gfs-1.0.json
{"header": { "discipline":0, "disciplineName":"Meteorological products", "gribEdition":2, "gribLength":78125, "center":7, "centerName":"US National Weather Service - NCEP(WMC)", "subcenter":0, "refTime":"2019-09-28T00:00:00.000Z", "significanceOfRT":1, "significanceOfRTName":"Start of forecast", "productStatus":0, "productStatusName":"Operational products", "productType":1, "productTypeName":"Forecast products", "productDefinitionTemplate":0, "productDefinitionTemplateName":"Analysis/forecast at horizontal level/layer at a point in time", "parameterCategory":2, "parameterCategoryName":"Momentum", "parameterNumber":2, "parameterNumberName":"U-component_of_wind", "parameterUnit":"m.s-1", "genProcessType":2, "genProcessTypeName":"Forecast", "forecastTime":0, "surface1Type":103, "surface1TypeName":"Specified height level above ground", "surface1Value":10.0, "surface2Type":255, "surface2TypeName":"Missing", "surface2Value":0.0, "gridDefinitionTemplate":0, "gridDefinitionTemplateName":"Latitude_Longitude", "numberPoints":65160, "shape":6, "shapeName":"Earth spherical with radius of 6,371,229.0 m", "gridUnits":"degrees", "resolution":48, "winds":"true", "scanMode":0, "nx":360, "ny":181, "basicAngle":0, "lo1":0.0, "la1":90.0, "lo2":359.0, "la2":-90.0, "dx":1.0, "dy":1.0 }, "data":
[rows 104 to 129 of 181, columns 295 to 353 of 360]
-0.13291503,0.04708496,-0.14291504,-0.13291503,-1.152915,-1.2029151,0.09708496,0.96708494,0.41708496,-0.14291504,-1.632915,1.477085,-0.47291505,0.42708495,-1.102915,-1.8029151,-1.4629151,-0.48291504,1.5470849,0.10708496,-0.05291504,0.72708493,-1.232915,-1.4629151,-4.332915,-1.112915,-2.872915,-6.712915,-4.692915,-3.7529151,-3.2629151,-3.912915,-3.712915,-5.182915,-4.1429152,-5.152915,-5.262915,-5.252915,-5.012915,-3.912915,-6.502915,-7.1229153,-6.632915,-5.842915,-5.562915,-5.912915,-5.492915,-5.692915,-5.672915,-5.672915,-5.762915,-6.192915,-6.422915,-6.312915,-5.662915,-5.752915,-5.032915,-5.032915,-4.612915
-1.0529151,-0.04291504,0.057084963,-0.40291503,-1.8229151,-1.142915,-0.72291505,1.497085,-0.55291504,0.64708495,-0.04291504,-1.672915,0.31708497,-0.38291505,0.16708496,-1.742915,-0.942915,-0.502915,-1.7029151,1.957085,-0.702915,1.367085,-1.022915,-1.652915,-2.712915,-0.77291507,-1.662915,-6.182915,-3.562915,-2.882915,-1.992915,-3.062915,-2.832915,-4.712915,-3.722915,-4.442915,-5.562915,-5.162915,-4.802915,-5.572915,-7.242915,-7.542915,-5.942915,-5.562915,-5.812915,-5.602915,-5.772915,-5.692915,-6.1429152,-6.232915,-6.412915,-5.992915,-6.552915,-6.532915,-6.262915,-5.572915,-5.092915,-5.262915,-4.592915
0.31708497,-0.24291503,-0.39291504,-2.112915,-2.122915,-2.192915,-0.23291504,1.3070849,-0.46291503,-1.5529151,0.16708496,-0.632915,-1.172915,0.14708497,-0.872915,-2.632915,-1.672915,0.617085,-0.11291504,1.077085,-1.502915,-1.0629151,-1.642915,-2.0229151,-1.122915,-1.752915,-0.72291505,-4.282915,-2.632915,-1.512915,-2.342915,-1.842915,-2.632915,-3.222915,-3.802915,-4.072915,-4.652915,-4.532915,-4.572915,-5.312915,-6.012915,-7.002915,-5.782915,-5.952915,-6.062915,-6.212915,-6.452915,-6.012915,-6.572915,-6.582915,-6.592915,-6.462915,-6.712915,-6.192915,-6.732915,-6.232915,-5.922915,-5.522915,-5.112915
0.687085,-0.60291505,0.78708494,-1.222915,-1.5729151,-0.632915,-0.73291504,1.007085,-0.96291506,-0.622915,-0.55291504,0.31708497,0.20708495,-0.752915,-2.302915,-0.502915,-2.0129151,-0.90291506,0.32708496,-0.44291505,0.50708497,-0.93291503,-0.002915039,-1.252915,-0.632915,-0.83291507,-2.952915,-2.692915,-1.592915,-1.732915,-2.212915,-2.902915,-2.732915,-1.6929151,-2.892915,-4.202915,-3.222915,-4.552915,-4.1229153,-4.282915,-5.712915,-5.552915,-5.6229153,-5.852915,-6.672915,-7.202915,-6.382915,-6.162915,-6.402915,-6.672915,-7.002915,-6.552915,-6.792915,-6.772915,-6.762915,-6.972915,-6.242915,-5.662915,-5.312915
-1.362915,0.12708496,0.057084963,-0.47291505,-1.112915,-0.10291504,0.04708496,-1.3129151,-0.99291503,-1.982915,-0.42291504,-0.60291505,-2.152915,-3.662915,-1.122915,-1.3329151,1.277085,-0.33291504,0.37708497,-1.262915,-1.722915,-0.16291504,-1.092915,-1.022915,-1.412915,-0.85291505,-2.4929152,-1.752915,-0.49291503,-0.892915,-1.272915,-1.992915,-1.0629151,-1.122915,-2.042915,-2.532915,-3.032915,-3.222915,-3.532915,-4.222915,-4.472915,-5.242915,-5.8929152,-5.102915,-6.202915,-5.3729153,-6.692915,-5.822915,-6.652915,-6.612915,-6.882915,-6.992915,-7.002915,-7.362915,-7.312915,-7.572915,-7.072915,-6.202915,-5.472915
-1.132915,0.27708495,0.627085,-1.402915,-0.78291506,-1.472915,-1.222915,-1.542915,-1.612915,-0.96291506,-2.382915,-3.612915,-3.952915,-2.082915,-1.862915,-1.382915,-1.602915,-1.4329151,-2.212915,-1.042915,0.11708496,-1.0829151,-0.46291503,-1.262915,-1.792915,-0.38291505,-0.40291503,-0.25291502,1.277085,0.43708497,1.267085,-1.3029151,-1.0729151,-0.952915,-1.012915,-1.4529151,-2.102915,-2.912915,-2.222915,-3.382915,-4.312915,-4.432915,-4.772915,-5.402915,-5.222915,-5.502915,-6.962915,-6.632915,-6.722915,-7.812915,-7.272915,-6.942915,-7.1429152,-7.862915,-7.772915,-8.122915,-7.592915,-7.162915,-5.862915
-0.99291503,0.27708495,0.75708497,-1.782915,-1.922915,-1.872915,-1.3229151,-1.352915,0.19708496,-0.812915,-1.392915,-3.082915,-2.7729151,-2.412915,0.24708496,-2.702915,-1.772915,-0.21291503,-1.032915,0.04708496,1.137085,-0.83291507,0.38708496,-0.40291503,-0.942915,1.4270849,1.367085,2.697085,3.057085,1.727085,1.107085,0.97708493,-0.702915,0.017084962,-0.24291503,-0.53291506,-0.92291504,-1.8329151,-1.4529151,-3.432915,-3.082915,-3.7629151,-4.272915,-4.462915,-4.842915,-6.1229153,-6.652915,-5.592915,-6.472915,-7.602915,-7.472915,-7.102915,-7.472915,-8.162915,-8.072915,-8.002915,-7.822915,-7.352915,-6.512915
-2.832915,0.15708496,-1.292915,-1.972915,-2.7429152,-2.332915,-2.112915,-1.602915,-2.0129151,-2.382915,-3.7429152,-3.622915,-2.942915,-1.7029151,-2.182915,-2.982915,-2.812915,-1.272915,-0.54291505,-0.47291505,-0.692915,-3.032915,0.43708497,-0.71291506,0.47708496,0.04708496,0.56708497,1.997085,4.907085,5.547085,2.797085,2.827085,0.45708495,1.517085,1.647085,1.0370849,0.12708496,-0.84291506,-1.8329151,-3.822915,-3.212915,-3.622915,-4.362915,-4.102915,-5.8729153,-5.862915,-6.062915,-6.562915,-6.842915,-6.942915,-7.222915,-7.562915,-7.762915,-8.082915,-8.172915,-7.982915,-7.992915,-7.562915,-7.002915
-0.83291507,0.007084961,-3.842915,-2.882915,-1.8229151,-3.042915,-0.65291506,-1.472915,-1.662915,-3.4929152,-2.872915,-2.2729151,-1.412915,-3.0029151,-2.642915,-4.8729153,-5.652915,-3.2529151,-1.672915,0.64708495,-0.36291504,-0.49291503,0.987085,-0.80291504,-0.06291504,-3.442915,-3.682915,-4.082915,-3.222915,4.887085,3.077085,4.567085,3.947085,2.557085,2.307085,3.167085,-0.02291504,-0.882915,-0.58291507,-2.852915,-3.592915,-3.032915,-3.0029151,-3.442915,-5.3729153,-5.312915,-6.682915,-6.702915,-7.102915,-7.502915,-7.472915,-7.592915,-8.332915,-7.912915,-8.352915,-7.762915,-7.6229153,-7.332915,-6.652915
2.337085,-1.252915,-3.932915,-2.5229151,-3.232915,-2.962915,-1.862915,-1.1829151,-1.5729151,-1.3329151,-1.862915,-1.8229151,-3.112915,-2.432915,-3.422915,-5.052915,-5.702915,-2.702915,-3.642915,-0.19291504,-0.23291504,3.777085,5.027085,3.927085,2.9970849,-1.2129151,-1.782915,-3.4929152,-4.082915,-5.182915,-6.922915,-2.032915,5.077085,3.617085,2.287085,3.137085,-0.632915,-0.90291506,-0.58291507,-2.342915,-4.662915,-4.902915,-5.022915,-6.782915,-6.172915,-5.752915,-6.6229153,-6.922915,-6.762915,-7.552915,-8.272915,-7.842915,-8.092915,-8.052915,-7.952915,-8.122915,-7.702915,-7.612915,-7.462915
1.477085,-0.23291504,-3.112915,-3.232915,-1.7129151,-4.152915,-2.382915,-1.852915,-0.622915,-1.5729151,-1.722915,-3.2429152,-1.632915,-0.692915,-3.4929152,-4.862915,-4.6229153,-1.872915,-0.22291504,3.097085,0.747085,0.83708495,2.907085,5.807085,5.097085,1.7970849,0.81708497,-0.08291504,-1.032915,-0.10291504,-1.222915,-4.162915,1.5570849,4.367085,6.707085,3.607085,-0.48291504,-0.67291504,-1.292915,-4.282915,-4.482915,-6.072915,-6.382915,-5.442915,-6.492915,-7.362915,-6.782915,-6.182915,-7.562915,-7.702915,-7.272915,-7.952915,-8.172915,-8.042915,-8.002915,-8.1329155,-8.062915,-7.432915,-7.312915
-0.74291503,-3.062915,-3.332915,-2.042915,-2.222915,-2.2729151,-3.2729151,-2.092915,-0.502915,-2.132915,-2.292915,-2.372915,-0.72291505,-1.842915,-1.162915,-4.342915,-2.442915,0.88708496,-0.002915039,-0.572915,-2.162915,-1.5529151,-1.352915,-0.12291504,6.287085,2.687085,2.617085,1.907085,0.96708494,1.3170849,0.877085,-0.91291505,0.78708494,4.1070848,5.747085,5.247085,0.50708497,-2.872915,-4.682915,-4.442915,-5.012915,-5.282915,-5.192915,-5.552915,-6.222915,-6.662915,-7.132915,-6.962915,-8.092915,-7.602915,-7.802915,-7.972915,-8.242915,-8.482915,-8.352915,-8.352915,-8.542915,-8.242915,-7.502915
-3.392915,-3.402915,-2.132915,-1.8229151,-2.712915,-3.322915,-2.7529151,-2.7429152,-2.142915,-1.242915,-1.3029151,-2.472915,-1.742915,-1.1829151,-3.342915,-3.612915,-2.162915,-2.532915,-4.152915,-4.422915,-3.592915,-2.9929152,-2.4929152,-1.3329151,-1.282915,4.967085,2.337085,2.857085,2.147085,4.3770847,4.327085,1.837085,0.16708496,-3.962915,5.217085,4.197085,-3.2529151,-4.462915,-4.942915,-4.782915,-4.962915,-5.962915,-5.782915,-6.572915,-6.902915,-6.492915,-6.712915,-7.592915,-7.592915,-8.172915,-7.032915,-8.472915,-8.082915,-8.722915,-8.602915,-8.262915,-8.822915,-8.422915,-7.902915
-4.152915,-4.102915,-2.5029151,-4.192915,-3.952915,-3.4929152,-4.092915,-5.072915,-3.452915,-3.142915,-4.002915,-1.522915,-1.7029151,-1.252915,-3.2729151,-1.8229151,-1.472915,-4.722915,-4.292915,-4.762915,-4.602915,-3.7529151,-2.312915,-1.982915,-1.672915,-0.78291506,1.087085,3.667085,6.207085,4.657085,5.497085,5.807085,5.327085,1.627085,2.937085,5.957085,-2.2529151,-5.252915,-5.332915,-3.882915,-4.732915,-4.352915,-5.482915,-6.062915,-6.812915,-7.692915,-7.292915,-7.342915,-6.862915,-7.082915,-6.632915,-8.042915,-8.822915,-8.332915,-8.302915,-8.672915,-8.672915,-8.232915,-7.932915
-4.072915,-4.882915,-5.762915,-5.632915,-5.102915,-3.5129151,-4.932915,-5.272915,-5.002915,-4.012915,-4.532915,-6.202915,-4.792915,-2.922915,-2.342915,-1.862915,-0.47291505,-4.042915,-4.042915,-4.252915,-4.232915,-3.4929152,-2.702915,-2.122915,-1.0529151,-0.85291505,0.41708496,5.397085,5.017085,6.767085,6.427085,4.477085,5.007085,1.757085,3.587085,-2.472915,-5.582915,-5.212915,-5.822915,-4.292915,-4.682915,-5.612915,-6.672915,-6.182915,-6.742915,-6.902915,-6.3929152,-7.1229153,-7.022915,-6.632915,-7.1429152,-7.192915,-8.1329155,-8.432915,-8.1329155,-8.152915,-7.992915,-7.772915,-7.532915
-7.352915,-8.462915,-5.432915,-4.692915,-6.8729153,-6.492915,-6.262915,-7.782915,-6.662915,-7.032915,-7.082915,-7.562915,-4.8729153,-0.16291504,-3.282915,-2.802915,-5.182915,-4.672915,-4.492915,-3.952915,-4.032915,-3.2729151,-2.9929152,-2.142915,-0.762915,0.58708495,0.20708495,1.977085,5.787085,8.247085,8.917085,8.8670845,5.907085,6.057085,-2.182915,-5.572915,-4.422915,-3.462915,-4.712915,-5.302915,-5.8929152,-5.822915,-6.602915,-5.422915,-6.362915,-5.912915,-5.912915,-6.742915,-7.732915,-7.672915,-7.132915,-7.502915,-8.252915,-8.172915,-8.272915,-7.922915,-7.732915,-7.092915,-6.822915
-10.052915,-4.032915,-4.912915,-6.262915,-6.132915,-5.6429152,-6.252915,-5.932915,-6.492915,-6.242915,-4.972915,-5.542915,-4.442915,-4.542915,-5.592915,-7.552915,-5.682915,-4.862915,-4.402915,-3.862915,-3.392915,-2.322915,-1.752915,-0.952915,-0.13291503,1.2870849,2.407085,2.637085,2.357085,4.067085,8.407085,6.867085,5.417085,3.207085,-1.612915,-3.672915,-1.012915,0.22708496,-1.652915,-4.832915,-4.682915,-5.6229153,-5.502915,-4.982915,-6.252915,-6.092915,-6.272915,-7.032915,-7.302915,-7.652915,-8.222915,-7.782915,-8.442915,-8.652915,-8.552915,-8.3829155,-8.342915,-8.332915,-8.192915
-8.872915,-2.7529151,-5.612915,-5.492915,-6.432915,-5.192915,-5.552915,-5.112915,-5.192915,-5.002915,-4.912915,-5.762915,-3.542915,-3.162915,-7.212915,-7.502915,-6.242915,-5.262915,-4.222915,-3.282915,-2.412915,-1.482915,-0.14291504,0.59708494,1.897085,2.597085,3.597085,5.017085,5.777085,3.597085,3.577085,6.587085,3.437085,0.63708496,-0.68291503,-0.61291504,2.847085,-0.692915,0.29708496,-2.052915,-4.732915,-5.3929152,-4.982915,-5.292915,-5.102915,-5.732915,-6.6229153,-5.452915,-6.182915,-6.532915,-6.8929152,-7.662915,-7.282915,-7.772915,-7.932915,-7.8729153,-8.012915,-7.802915,-7.262915
-6.062915,-3.442915,-5.462915,-6.3929152,-4.712915,-4.902915,-5.822915,-6.312915,-6.702915,-6.8929152,-6.472915,-5.8729153,-3.712915,-7.442915,-7.302915,-6.652915,-5.902915,-5.332915,-3.732915,-2.702915,-0.562915,-0.99291503,-0.27291504,1.847085,3.857085,5.147085,5.947085,6.597085,7.237085,7.937085,6.117085,6.577085,5.437085,4.077085,0.77708495,-1.512915,-2.882915,-1.242915,3.337085,0.69708496,-5.172915,-5.022915,-5.292915,-5.6429152,-5.972915,-6.482915,-5.132915,-5.282915,-5.282915,-5.132915,-5.962915,-6.102915,-5.542915,-4.792915,-5.882915,-6.322915,-5.992915,-5.732915,-5.802915
-5.662915,-5.252915,-6.072915,-5.762915,-4.452915,-2.722915,-5.802915,-4.572915,-4.982915,-5.592915,-5.922915,-3.622915,-2.822915,-5.912915,-6.492915,-6.282915,-6.012915,-4.832915,-3.392915,-2.302915,-1.8029151,-0.20291504,1.627085,3.367085,4.367085,6.657085,8.387085,8.507085,8.817085,9.697085,9.457085,6.427085,5.827085,6.707085,3.537085,-0.33291504,-0.21291503,-5.302915,-2.842915,-1.0729151,-7.612915,-6.532915,-5.052915,-6.462915,-7.322915,-6.442915,-6.1429152,-6.272915,-5.192915,-5.532915,-7.562915,-6.742915,-7.472915,-7.242915,-6.852915,-6.482915,-5.112915,-6.972915,-7.192915
-5.1429152,-6.072915,-6.832915,-4.902915,-5.682915,-5.182915,-3.462915,-3.662915,-4.352915,-5.472915,-4.702915,-3.192915,-5.082915,-5.782915,-6.402915,-6.082915,-5.292915,-4.532915,-3.532915,-2.632915,-0.85291505,0.14708497,2.277085,3.767085,5.397085,6.717085,8.187085,8.987085,10.177085,11.547085,11.377085,10.237085,6.917085,7.947085,5.057085,0.90708494,-1.772915,-3.9929152,-7.232915,-8.622915,-5.6229153,-6.482915,-5.952915,-5.662915,-5.662915,-6.402915,-6.602915,-7.3729153,-8.182915,-9.202915,-8.512915,-7.672915,-7.282915,-6.842915,-6.132915,-6.032915,-6.162915,-6.542915,-5.492915
-6.842915,-5.972915,-5.912915,-6.532915,-4.842915,-4.482915,-4.352915,-3.912915,-9.292915,-9.362915,-7.212915,-5.882915,-5.102915,-6.312915,-6.602915,-5.312915,-5.3729153,-3.682915,-3.032915,-2.292915,-1.002915,0.32708496,2.407085,3.907085,4.557085,6.087085,8.477085,9.667085,10.697085,12.577085,11.407085,10.687085,8.857085,6.537085,3.527085,-2.162915,-3.572915,-5.342915,-5.612915,-6.352915,-6.1229153,-5.6229153,-4.8729153,-4.932915,-4.482915,-4.362915,-6.232915,-6.302915,-8.3829155,-7.772915,-8.232915,-7.542915,-6.672915,-6.672915,-5.832915,-5.512915,-5.002915,-5.352915,-4.492915
-6.312915,-6.012915,-7.652915,-4.502915,-5.202915,-5.012915,-5.592915,-4.542915,-8.982915,-8.312915,-6.802915,-4.612915,-5.432915,-5.792915,-4.772915,-4.512915,-4.242915,-3.322915,-2.212915,-1.102915,-0.58291507,1.2870849,2.097085,4.1070848,4.727085,4.777085,7.067085,8.477085,8.237085,10.507085,9.057085,8.887085,8.8670845,9.027085,4.327085,-3.802915,-4.992915,-4.562915,-4.462915,-5.662915,-5.332915,-4.702915,-4.742915,-4.462915,-3.5029151,-4.532915,-5.172915,-4.952915,-5.762915,-5.992915,-5.922915,-4.842915,-5.212915,-5.722915,-5.762915,-5.332915,-5.402915,-4.432915,-5.092915
-5.722915,-4.3729153,-7.422915,-5.422915,-3.922915,-4.802915,-4.182915,-3.7629151,-2.692915,-6.452915,-4.8729153,-3.472915,-5.062915,-4.382915,-4.062915,-3.182915,-2.812915,-2.2429152,-0.53291506,0.057084963,0.66708493,2.327085,2.307085,2.697085,4.707085,4.197085,5.337085,4.687085,3.357085,6.367085,6.027085,7.577085,8.1170845,5.397085,3.607085,-2.192915,-3.952915,-4.462915,-4.042915,-3.902915,-3.962915,-4.632915,-4.692915,-3.4929152,-2.872915,-4.192915,-3.842915,-4.382915,-4.442915,-4.652915,-5.072915,-5.1229153,-4.152915,-4.552915,-5.012915,-5.272915,-2.632915,-3.872915,-4.212915
-4.882915,-5.232915,-5.362915,-3.632915,-2.382915,-3.682915,-3.152915,-3.442915,-5.272915,-4.502915,-2.202915,-3.402915,-3.792915,-3.822915,-2.962915,-1.762915,-1.4629151,-0.752915,0.20708495,0.48708495,1.737085,3.207085,4.077085,2.957085,3.137085,3.717085,4.267085,3.777085,2.0070848,0.737085,5.957085,7.057085,7.807085,5.287085,7.957085,1.467085,-2.902915,-3.402915,-3.302915,-3.5229151,-3.322915,-3.162915,-3.102915,-2.5129151,-2.402915,-2.0029151,-2.372915,-1.652915,-2.472915,-2.042915,-1.982915,-1.252915,-1.292915,-2.412915,-1.382915,-0.86291504,-2.072915,-1.2129151,-1.272915
-3.982915,-3.5029151,-4.732915,-3.852915,-3.162915,-4.8929152,-6.722915,-5.692915,-4.912915,-4.532915,-2.942915,-3.142915,-3.452915,-3.042915,-1.662915,-1.112915,-0.26291505,0.42708495,0.72708493,1.8170849,2.877085,3.7370849,3.9770849,3.897085,2.657085,3.697085,3.867085,3.457085,3.207085,3.147085,3.797085,5.687085,7.997085,5.427085,4.657085,1.017085,-2.962915,-3.352915,-2.392915,-2.142915,-2.212915,-2.122915,-1.4429151,-1.1829151,-1.0729151,-0.19291504,-0.10291504,-0.17291504,0.33708495,1.0470849,1.277085,1.857085,2.047085,2.927085,2.717085,2.387085,3.647085,2.377085,1.627085
