current-wind-surface-level-gfs-1.0.json
{"header": { "discipline":0, "disciplineName":"Meteorological products", "gribEdition":2, "gribLength":78125, "center":7, "centerName":"US National Weather Service - NCEP(WMC)", "subcenter":0, "refTime":"2019-09-28T00:00:00.000Z", "significanceOfRT":1, "significanceOfRTName":"Start of forecast", "productStatus":0, "productStatusName":"Operational products", "productType":1, "productTypeName":"Forecast products", "productDefinitionTemplate":0, "productDefinitionTemplateName":"Analysis/forecast at horizontal level/layer at a point in time", "parameterCategory":2, "parameterCategoryName":"Momentum", "parameterNumber":2, "parameterNumberName":"U-component_of_wind", "parameterUnit":"m.s-1", "genProcessType":2, "genProcessTypeName":"Forecast", "forecastTime":0, "surface1Type":103, "surface1TypeName":"Specified height level above ground", "surface1Value":10.0, "surface2Type":255, "surface2TypeName":"Missing", "surface2Value":0.0, "gridDefinitionTemplate":0, "gridDefinitionTemplateName":"Latitude_Longitude", "numberPoints":65160, "shape":6, "shapeName":"Earth spherical with radius of 6,371,229.0 m", "gridUnits":"degrees", "resolution":48, "winds":"true", "scanMode":0, "nx":360, "ny":181, "basicAngle":0, "lo1":0.0, "la1":90.0, "lo2":359.0, "la2":-90.0, "dx":1.0, "dy":1.0 }, "data":
[rows 26 to 51 of 181, columns 0 to 58 of 360]
-5.452915,-4.152915,-3.442915,-3.0229151,-1.642915,-1.262915,0.087084964,-0.53291506,-4.912915,-6.882915,-8.892915,-3.2429152,-3.472915,-4.052915,-1.5729151,-0.83291507,-0.952915,-0.72291505,-0.25291502,0.15708496,0.25708497,2.377085,0.72708493,0.41708496,0.21708496,0.49708498,0.95708495,-0.48291504,-0.632915,0.30708495,0.747085,1.077085,0.94708496,1.107085,1.087085,1.767085,1.5570849,4.927085,2.7370849,1.857085,2.0070848,2.207085,2.037085,2.567085,2.457085,2.107085,1.8170849,2.547085,1.767085,1.707085,1.747085,1.627085,1.1970849,1.217085,1.327085,1.477085,1.487085,1.7970849,1.077085
-4.602915,-4.1429152,-2.952915,0.28708497,0.83708495,-0.48291504,-2.412915,-1.532915,-2.362915,-2.842915,-3.0229151,-4.282915,-3.142915,-2.722915,-1.622915,-2.322915,-1.652915,-1.222915,-0.92291504,-2.142915,-2.792915,-2.092915,-0.882915,-0.73291504,-0.54291505,0.89708495,1.467085,1.277085,1.9470849,0.88708496,1.227085,1.337085,1.1870849,0.627085,0.44708496,0.97708493,1.007085,1.3070849,1.837085,1.497085,1.527085,1.9470849,2.037085,2.157085,2.147085,1.857085,1.837085,1.987085,1.7970849,1.997085,1.777085,1.327085,1.217085,1.007085,1.3170849,1.147085,1.727085,1.5670849,1.3170849
-4.082915,-4.542915,-4.8729153,-5.162915,-2.112915,-0.16291504,-1.142915,-2.792915,-2.582915,-2.552915,-2.172915,-1.5629151,-3.682915,-3.552915,-3.542915,-3.592915,-2.332915,-1.8129151,-5.102915,-4.302915,-3.562915,-4.482915,-2.0129151,-1.372915,-0.83291507,-0.562915,0.087084964,0.39708495,0.78708494,1.007085,0.797085,0.53708494,1.087085,0.987085,0.57708496,0.65708494,-0.34291503,0.77708495,1.777085,1.347085,1.477085,1.407085,2.017085,1.887085,1.9370849,2.037085,1.4170849,1.637085,1.707085,1.457085,1.6970849,1.467085,1.2970849,1.147085,0.75708497,1.657085,0.71708494,-0.04291504,0.30708495
-4.472915,-4.152915,-4.382915,-5.262915,-5.312915,-2.222915,-2.462915,-1.6829151,-1.282915,-0.24291503,-0.66291505,-1.9629151,-4.202915,-5.092915,-4.612915,-4.312915,-4.552915,-2.872915,-7.242915,-6.522915,-6.432915,-6.102915,-2.112915,-1.902915,-1.522915,-1.362915,-1.542915,-1.352915,-0.91291505,-0.86291504,0.007084961,-0.77291507,-1.412915,-0.43291503,0.75708497,0.90708494,2.427085,0.97708493,1.137085,0.96708494,1.227085,1.607085,1.827085,1.457085,1.637085,1.627085,1.727085,1.3070849,1.457085,1.8070849,1.5370849,1.407085,1.517085,1.397085,1.407085,1.6870849,1.3170849,1.0470849,0.41708496
-5.172915,-5.162915,-4.512915,-4.172915,-3.282915,-2.322915,-2.692915,-1.722915,-1.132915,0.07708496,0.50708497,-0.47291505,-1.992915,-2.812915,-4.302915,-4.772915,-4.542915,-3.532915,-3.402915,-6.742915,-7.342915,-6.812915,-7.072915,-5.842915,-3.972915,-4.252915,-3.5229151,-2.0029151,-1.382915,-2.642915,-2.2629151,-1.172915,-1.112915,-0.822915,-0.74291503,0.23708495,1.0670849,1.237085,0.63708496,0.39708495,0.84708494,1.257085,1.1670849,0.97708493,1.5370849,1.907085,1.6870849,1.727085,1.5470849,1.5470849,1.757085,1.657085,1.737085,1.9370849,2.047085,1.9370849,2.0070848,1.9370849,1.497085
-6.172915,-6.232915,-5.912915,-5.8929152,-6.6229153,-5.202915,-2.692915,-3.2529151,-0.622915,0.30708495,-0.692915,-0.83291507,0.56708497,1.267085,-1.032915,-1.092915,-2.302915,-2.9929152,-4.332915,-7.032915,-7.152915,-6.802915,-6.572915,-4.662915,-2.382915,-2.182915,-2.152915,-0.49291503,-0.66291505,-0.26291505,-0.31291503,-0.92291504,-1.392915,-1.4329151,-1.342915,-1.1929151,-0.43291503,0.47708496,0.77708495,0.95708495,1.347085,1.357085,1.267085,0.97708493,1.357085,1.647085,1.527085,1.577085,1.517085,1.367085,1.467085,1.1770849,1.9370849,1.867085,1.957085,1.737085,1.9170849,2.157085,0.52708495
-6.932915,-7.172915,-6.802915,-6.752915,-5.302915,-6.972915,-8.682915,-7.332915,-4.952915,-1.882915,-0.65291506,-0.36291504,-0.59291506,0.13708496,0.59708494,0.88708496,-0.512915,-4.272915,-3.5229151,-3.7629151,-4.812915,-4.6229153,-3.5029151,-3.902915,-4.162915,-2.0029151,-1.742915,-0.93291503,-2.442915,-0.622915,0.16708496,1.207085,0.13708496,-0.43291503,-0.74291503,-0.37291503,-1.022915,-1.272915,-0.21291503,-0.17291504,0.09708496,0.10708496,0.59708494,1.137085,1.407085,2.087085,1.4270849,2.397085,2.337085,2.217085,3.047085,2.9870849,2.437085,2.627085,2.297085,2.317085,1.997085,2.177085,2.427085
-0.55291504,-4.432915,-6.962915,-7.022915,-10.552915,-6.172915,-5.792915,-4.8729153,-5.102915,-2.982915,-1.142915,-0.16291504,1.9470849,-0.07291504,0.69708496,0.927085,1.407085,-0.86291504,-4.292915,-3.552915,-4.822915,-4.852915,-2.182915,-1.622915,-1.762915,-2.082915,-1.1829151,-1.352915,-1.222915,-0.702915,-0.74291503,-0.53291506,-0.17291504,0.45708495,0.22708496,-0.622915,-0.21291503,0.22708496,0.13708496,0.72708493,1.327085,1.107085,1.3070849,1.467085,0.95708495,1.397085,1.387085,1.977085,2.317085,2.857085,2.817085,2.027085,1.9470849,2.087085,3.157085,4.147085,2.457085,2.857085,2.707085
9.687085,11.987085,11.157085,6.897085,5.227085,4.837085,4.147085,-2.682915,-3.912915,-2.902915,-1.8329151,-1.742915,-0.53291506,-0.15291505,0.987085,3.187085,5.057085,4.467085,4.437085,-2.5029151,-3.392915,-4.712915,-2.842915,-2.082915,-1.5729151,-1.3129151,-0.86291504,-1.342915,-0.882915,-0.632915,-0.012915039,-0.19291504,-0.20291504,-0.24291503,0.47708496,0.797085,0.607085,0.857085,0.84708494,-0.26291505,0.09708496,1.0570849,1.147085,0.987085,1.457085,1.767085,1.997085,2.037085,1.837085,2.7570848,2.837085,3.107085,3.567085,2.857085,3.327085,2.5070848,2.9770849,3.107085,3.087085
10.6170845,11.917085,12.857085,13.487085,13.317085,11.147085,10.897085,8.927085,6.097085,-0.96291506,1.347085,0.747085,0.26708496,3.387085,4.577085,4.117085,4.017085,6.227085,0.547085,-1.472915,-4.542915,-4.082915,-3.042915,-2.982915,-2.292915,-1.612915,-0.98291504,-0.572915,-0.54291505,-0.27291504,-0.59291506,-0.39291504,-0.17291504,0.28708497,0.46708497,0.84708494,0.987085,1.477085,1.397085,1.4170849,-0.08291504,0.83708495,0.22708496,0.95708495,1.497085,1.857085,2.447085,1.757085,2.657085,4.087085,1.387085,2.537085,2.7270849,3.717085,2.847085,2.917085,2.327085,1.017085,2.957085
9.027085,10.527085,11.347085,11.997085,12.3670845,12.167085,10.267085,7.747085,5.737085,1.5670849,0.17708497,0.83708495,0.14708497,0.65708494,2.9770849,2.777085,2.817085,3.337085,4.087085,2.207085,-0.78291506,-0.642915,-2.842915,-2.202915,-1.872915,-1.8329151,-1.102915,-0.27291504,0.877085,0.04708496,0.18708496,0.24708496,0.027084962,-0.33291504,-0.06291504,-0.40291503,0.677085,1.397085,0.78708494,1.387085,0.797085,0.31708497,0.36708495,0.747085,1.277085,1.327085,1.377085,2.217085,2.817085,3.187085,0.97708493,2.447085,2.467085,3.267085,3.917085,3.157085,3.4770849,1.007085,2.2370849
3.867085,6.887085,9.847085,10.657085,10.927085,10.907085,3.2470849,3.697085,2.457085,1.517085,1.5570849,1.5570849,1.327085,1.1770849,1.847085,2.337085,1.737085,2.317085,3.107085,3.397085,0.50708497,0.087084964,-1.4429151,-2.372915,-2.572915,-2.5029151,-1.252915,-0.41291505,0.087084964,1.0570849,1.907085,0.37708497,-0.72291505,-0.812915,-1.232915,-1.4329151,-0.79291505,-0.27291504,0.43708497,0.797085,0.28708497,0.27708495,0.45708495,0.91708493,0.97708493,1.207085,1.487085,1.2970849,1.637085,1.977085,2.137085,2.137085,2.557085,3.337085,4.947085,6.447085,5.177085,5.097085,5.947085
3.427085,3.527085,9.527085,10.377085,11.007085,4.017085,3.857085,4.797085,2.677085,2.577085,1.457085,2.2470849,2.277085,2.837085,2.2270849,2.547085,3.2470849,3.307085,4.147085,3.647085,4.707085,0.46708497,-1.3329151,-0.642915,-1.5829151,-1.912915,-1.392915,-0.84291506,-0.46291503,0.617085,0.867085,0.50708497,-0.84291506,-0.72291505,-1.042915,-1.152915,-0.84291506,-0.91291505,-0.07291504,0.40708497,1.1670849,0.64708495,0.97708493,1.007085,1.747085,2.457085,1.4270849,2.117085,2.607085,3.807085,4.537085,5.637085,6.757085,6.587085,6.507085,5.207085,4.177085,5.157085,5.757085
4.577085,6.707085,8.677085,3.887085,4.387085,4.407085,3.4870849,2.797085,0.797085,1.077085,2.0070848,3.337085,2.847085,3.917085,1.997085,0.64708495,2.2270849,1.337085,2.0070848,2.197085,1.777085,2.467085,-1.7129151,-0.752915,-0.31291503,-2.132915,-1.792915,-1.172915,-0.23291504,-0.892915,-0.16291504,-0.93291503,-1.292915,-1.0629151,-1.532915,-1.512915,-2.092915,-1.842915,-1.2129151,-0.19291504,-0.43291503,0.10708496,-0.23291504,-0.73291504,0.41708496,1.077085,2.337085,1.1770849,1.267085,1.867085,4.237085,5.737085,5.567085,6.287085,6.757085,5.757085,5.567085,5.287085,5.967085
12.457085,10.397085,5.047085,3.917085,3.677085,2.027085,3.7470849,1.277085,1.9170849,0.66708493,0.94708496,0.617085,2.217085,3.927085,3.897085,2.847085,2.607085,0.937085,2.897085,1.6870849,0.78708494,-0.092915036,2.037085,-1.112915,-0.002915039,-0.99291503,-1.402915,-1.382915,-0.32291505,-0.60291505,1.107085,0.027084962,-0.952915,-0.22291504,-0.562915,-0.91291505,-1.542915,-1.602915,-1.602915,-1.1929151,-0.74291503,-0.60291505,-0.53291506,0.28708497,0.91708493,1.107085,-0.14291504,-1.3329151,-1.852915,0.06708496,3.347085,2.887085,3.187085,3.317085,5.187085,4.827085,4.927085,4.897085,4.707085
4.137085,4.317085,4.137085,3.167085,4.647085,3.447085,4.847085,3.907085,1.997085,1.257085,0.78708494,1.157085,1.0470849,-0.31291503,4.427085,2.957085,5.117085,2.397085,-0.59291506,-0.512915,1.4170849,0.49708498,-1.412915,0.78708494,-0.35291505,-1.402915,-1.5529151,-1.3029151,-0.27291504,-0.952915,0.52708495,0.76708496,0.46708497,0.25708497,0.40708497,0.017084962,-0.65291506,-1.6929151,-0.85291505,-0.72291505,-1.012915,-0.20291504,0.22708496,0.51708496,0.20708495,-0.02291504,-0.08291504,-0.24291503,3.307085,3.107085,2.7370849,3.537085,3.707085,3.307085,3.677085,3.127085,4.137085,4.1070848,3.587085
3.847085,3.7570848,3.887085,4.007085,3.4870849,3.877085,2.527085,3.857085,2.687085,1.227085,1.967085,0.40708497,0.95708495,-0.45291504,1.9370849,2.2470849,3.517085,-0.36291504,-0.46291503,0.06708496,0.52708495,1.3170849,0.34708497,-1.1929151,-0.78291506,1.347085,0.057084963,-1.7029151,-1.222915,0.07708496,0.23708495,0.23708495,0.027084962,0.45708495,1.227085,1.367085,-1.162915,-0.29291505,-0.73291504,-0.47291505,-0.86291504,-0.48291504,-1.222915,-2.422915,-1.662915,-1.272915,0.547085,-0.02291504,0.30708495,0.32708496,0.20708495,-0.19291504,1.4270849,1.467085,1.577085,1.757085,1.127085,1.147085,1.477085
3.207085,2.887085,3.547085,3.597085,1.9470849,2.707085,3.647085,3.427085,1.897085,1.007085,0.44708496,1.267085,0.52708495,-0.12291504,0.64708495,1.657085,0.30708495,0.12708496,1.1870849,0.57708496,0.27708495,0.10708496,-0.48291504,0.46708497,-0.28291503,-0.16291504,1.8070849,0.13708496,0.39708495,0.36708495,0.877085,-0.12291504,0.69708496,1.717085,2.7370849,1.8170849,0.26708496,-1.0529151,-3.282915,-4.082915,-2.2729151,-1.382915,-1.1929151,-1.362915,-1.492915,-1.902915,-1.982915,-2.692915,-2.582915,-3.7529151,-2.5029151,-3.652915,-3.072915,-2.452915,-2.432915,-1.992915,-1.592915,-1.252915,-1.7029151
2.337085,0.927085,2.117085,2.597085,1.267085,0.11708496,1.507085,2.7470849,1.847085,-0.572915,0.35708496,0.81708497,0.88708496,-1.3229151,1.1770849,1.5470849,1.607085,1.7970849,-1.382915,-0.10291504,-0.72291505,-2.0029151,-1.392915,-0.52291507,-0.11291504,-0.092915036,0.22708496,1.587085,0.857085,0.91708493,2.547085,5.077085,4.037085,3.357085,2.107085,2.137085,0.44708496,0.19708496,1.907085,-1.542915,-1.3329151,-1.0729151,0.83708495,-1.4329151,-2.5129151,-2.592915,-3.662915,-3.202915,-3.142915,-5.692915,-5.772915,-5.352915,-5.712915,-4.062915,-4.002915,-3.142915,-3.0229151,-3.422915,-3.372915
2.167085,1.247085,0.24708496,1.747085,1.147085,-0.47291505,0.65708494,4.047085,0.087084964,1.127085,1.6770849,2.827085,1.747085,0.35708496,-1.132915,1.377085,0.857085,1.217085,1.157085,-1.032915,-1.642915,-1.2029151,-0.752915,0.31708497,-1.502915,-0.44291505,0.627085,3.097085,1.357085,1.997085,3.407085,0.42708495,-0.73291504,-0.952915,-1.892915,0.937085,0.17708497,0.937085,1.1870849,2.4770849,2.437085,0.04708496,1.217085,1.027085,-2.442915,-3.312915,-4.852915,-4.3929152,-7.742915,-6.862915,-7.812915,-6.352915,-4.3729153,-4.532915,-3.082915,-3.862915,-3.702915,-3.732915,-3.2629151
2.327085,2.437085,1.0470849,0.877085,1.1970849,-0.31291503,-0.19291504,1.587085,0.63708496,0.42708495,-0.43291503,1.467085,2.607085,2.9870849,0.65708494,-1.522915,-0.79291505,0.13708496,1.007085,0.677085,1.007085,0.12708496,1.407085,1.327085,1.847085,0.07708496,-1.352915,0.71708494,1.077085,1.6670849,0.96708494,-0.562915,-0.55291504,-0.752915,-3.0029151,-1.912915,0.16708496,1.1770849,-0.08291504,-1.2029151,0.42708495,0.15708496,2.187085,-0.04291504,-3.202915,-3.7529151,-4.802915,-4.792915,-8.122915,-7.932915,-7.722915,-6.212915,-5.042915,-2.362915,-4.362915,-3.542915,-3.722915,-3.802915,-4.002915
-0.23291504,0.557085,1.0670849,2.907085,3.027085,5.397085,7.427085,9.967085,6.887085,7.537085,-1.392915,-0.53291506,0.43708497,1.117085,0.43708497,-1.012915,-1.602915,-1.612915,-1.982915,-0.06291504,-0.08291504,0.59708494,-1.142915,-0.28291503,0.43708497,0.66708493,-0.04291504,0.65708494,2.667085,0.89708495,1.8170849,2.847085,4.1270847,7.307085,9.6170845,7.937085,8.417085,8.757085,8.677085,5.557085,1.827085,2.197085,-1.512915,2.667085,0.22708496,0.78708494,-0.71291506,-2.662915,-7.212915,-7.452915,-7.882915,-7.702915,-5.942915,-5.022915,-2.982915,-4.632915,-3.4929152,-3.7729151,-4.002915
-0.822915,-1.402915,-1.112915,0.84708494,1.1770849,4.517085,5.807085,5.177085,3.297085,-0.41291505,-1.402915,1.6670849,-0.19291504,-0.882915,0.89708495,-0.10291504,-0.33291504,-1.0629151,0.65708494,-1.382915,-1.852915,1.077085,-0.692915,0.017084962,1.337085,1.127085,0.31708497,-1.122915,1.647085,0.45708495,2.107085,5.447085,9.507085,8.417085,2.127085,3.2370849,6.457085,7.157085,8.067085,6.937085,3.797085,4.277085,1.257085,1.577085,-3.5129151,-1.522915,-0.38291505,3.547085,-1.4329151,-4.8929152,-6.212915,-6.692915,-7.182915,-4.322915,-6.112915,-3.7629151,-3.042915,-2.802915,-3.782915
0.877085,-0.71291506,-0.05291504,1.257085,1.497085,2.837085,4.047085,4.017085,3.217085,1.3170849,2.457085,2.4770849,1.257085,1.0470849,0.24708496,-0.04291504,-0.33291504,0.33708495,0.19708496,-0.702915,-1.3229151,-1.282915,0.27708495,-1.522915,-0.98291504,-0.35291505,-0.86291504,-2.552915,-2.852915,-0.882915,1.487085,1.4370849,0.31708497,2.2570848,1.967085,-0.002915039,0.50708497,0.03708496,3.207085,3.927085,4.767085,1.527085,0.677085,0.24708496,0.82708496,1.0670849,-3.102915,-1.602915,0.48708495,-0.34291503,-3.892915,-5.6229153,-7.482915,-5.882915,-5.602915,-7.152915,-1.792915,-3.352915,-3.462915
-1.022915,0.40708497,1.217085,-1.392915,1.977085,2.2270849,2.307085,1.857085,1.3170849,-0.17291504,0.95708495,1.877085,2.197085,2.287085,1.5370849,-0.512915,0.48708495,-0.18291503,-0.54291505,0.11708496,-1.492915,-1.1829151,-0.08291504,-1.4629151,-0.092915036,-2.052915,-2.7629151,-0.53291506,-0.39291504,-1.152915,1.577085,0.91708493,1.837085,1.5470849,1.8070849,1.957085,0.20708495,1.607085,2.597085,2.177085,1.457085,1.497085,1.957085,0.807085,2.2370849,0.807085,3.657085,-0.58291507,-2.382915,-1.472915,-0.93291503,-1.842915,-3.352915,-5.282915,-6.032915,-3.7729151,-3.662915,-3.092915,-2.822915
4.117085,0.737085,-1.1929151,-1.4429151,-1.522915,-0.96291506,-1.152915,-1.122915,-0.27291504,0.49708498,0.33708495,1.337085,0.017084962,0.12708496,0.017084962,0.797085,-2.0129151,0.937085,1.1670849,2.4970849,1.2970849,-0.822915,0.65708494,0.21708496,-1.862915,-1.102915,-2.2629151,-2.442915,-1.2029151,-0.38291505,0.42708495,0.39708495,5.457085,1.897085,2.2470849,1.9170849,1.847085,2.437085,1.5370849,-0.012915039,-1.282915,0.607085,1.897085,1.4470849,1.887085,2.457085,0.78708494,0.90708494,0.96708494,-1.112915,-1.382915,0.03708496,1.4270849,2.647085,-0.44291505,-0.60291505,-1.162915,-3.2629151,-2.222915
