current-wind-surface-level-gfs-1.0.json
{"header": { "discipline":0, "disciplineName":"Meteorological products", "gribEdition":2, "gribLength":78650, "center":7, "centerName":"US National Weather Service - NCEP(WMC)", "subcenter":0, "refTime":"2019-09-28T00:00:00.000Z", "significanceOfRT":1, "significanceOfRTName":"Start of forecast", "productStatus":0, "productStatusName":"Operational products", "productType":1, "productTypeName":"Forecast products", "productDefinitionTemplate":0, "productDefinitionTemplateName":"Analysis/forecast at horizontal level/layer at a point in time", "parameterCategory":2, "parameterCategoryName":"Momentum", "parameterNumber":3, "parameterNumberName":"V-component_of_wind", "parameterUnit":"m.s-1", "genProcessType":2, "genProcessTypeName":"Forecast", "forecastTime":0, "surface1Type":103, "surface1TypeName":"Specified height level above ground", "surface1Value":10.0, "surface2Type":255, "surface2TypeName":"Missing", "surface2Value":0.0, "gridDefinitionTemplate":0, "gridDefinitionTemplateName":"Latitude_Longitude", "numberPoints":65160, "shape":6, "shapeName":"Earth spherical with radius of 6,371,229.0 m", "gridUnits":"degrees", "resolution":48, "winds":"true", "scanMode":0, "nx":360, "ny":181, "basicAngle":0, "lo1":0.0, "la1":90.0, "lo2":359.0, "la2":-90.0, "dx":1.0, "dy":1.0 }, "data":
[rows 81 to 107 of 181, columns 236 to 294 of 360]
6.5961843,6.8461843,6.2861843,6.046184,5.476184,4.916184,4.986184,4.216184,3.766184,2.616184,2.136184,1.8761841,1.086184,0.7561841,1.0261841,1.7961841,2.286184,2.896184,2.746184,3.6661842,4.636184,4.146184,4.026184,4.5961843,5.736184,6.456184,7.126184,6.436184,4.176184,4.196184,3.6561842,3.276184,3.636184,3.826184,4.296184,4.376184,5.016184,4.686184,1.9061841,2.7361841,1.2561841,-0.15381593,-0.2938159,-0.47381592,1.586184,3.1861842,0.8961841,-3.603816,-2.143816,-2.203816,-0.40381593,0.12618408,-1.1538159,0.7761841,-0.7538159,1.1161841,0.3861841,-0.8438159,-0.8438159
6.766184,6.316184,5.816184,5.476184,5.086184,5.176184,4.3261843,4.236184,3.336184,2.316184,2.776184,2.326184,3.106184,3.4861841,3.6661842,3.556184,4.896184,4.936184,5.5361843,5.046184,3.786184,4.756184,5.606184,5.296184,5.686184,6.776184,6.0961843,5.516184,5.316184,4.936184,4.756184,4.3061843,3.996184,4.746184,4.386184,4.726184,4.5961843,4.566184,3.4161842,2.296184,2.846184,2.136184,1.7361841,2.266184,4.3461843,5.176184,0.20618409,0.16618408,0.12618408,-1.6038159,-0.6038159,0.9361841,0.5161841,-0.9838159,0.30618408,-0.3638159,-0.43381593,-0.033815917,-1.543816
5.546184,5.086184,4.886184,4.836184,4.666184,4.526184,3.836184,3.4861841,3.7161841,3.576184,4.696184,4.526184,4.0961843,4.006184,4.366184,5.166184,5.186184,5.3261843,5.366184,6.006184,5.376184,5.8261843,5.316184,6.066184,6.166184,5.856184,5.256184,5.246184,5.906184,4.8261843,4.296184,4.296184,4.226184,4.546184,4.876184,4.8261843,4.196184,4.266184,4.396184,4.5761843,3.546184,2.296184,1.176184,2.326184,3.9661841,2.9161842,1.9061841,1.1161841,-0.5438159,-0.2938159,-1.163816,-0.46381593,0.47618407,-0.3538159,-0.6638159,-1.9038159,-2.953816,-1.073816,-0.25381592
4.726184,4.426184,4.616184,4.146184,4.066184,3.816184,3.646184,3.756184,5.066184,5.276184,5.186184,5.2861843,5.126184,4.8261843,4.646184,5.266184,5.136184,5.106184,5.246184,3.826184,4.486184,4.906184,5.866184,5.496184,5.3461843,5.426184,5.216184,4.8261843,4.736184,4.526184,5.106184,6.206184,5.8261843,6.476184,5.736184,5.216184,4.486184,3.4761841,3.876184,4.7861843,4.8261843,5.5761843,5.126184,4.206184,3.276184,2.4461842,1.6161841,0.72618407,0.19618408,-1.1038159,-0.10381592,0.6961841,-0.8438159,-0.11381592,0.5161841,-0.64381593,-1.1038159,0.5261841,0.73618406
4.666184,3.826184,3.746184,3.296184,3.136184,3.9161842,4.006184,4.856184,5.686184,5.5961843,5.5961843,5.3061843,5.276184,5.0361843,4.0561843,4.196184,3.9161842,3.526184,3.526184,2.836184,4.186184,4.066184,3.886184,4.456184,5.226184,5.926184,5.666184,5.506184,5.546184,5.966184,6.146184,6.276184,6.336184,6.116184,5.116184,4.5961843,4.946184,5.246184,5.626184,6.046184,6.116184,5.656184,5.186184,4.166184,3.9661841,3.036184,1.696184,0.5161841,-0.3838159,-0.33381593,-0.16381592,-1.313816,-1.053816,0.17618409,-0.04381592,-1.183816,0.2661841,0.2961841,-0.8738159
3.386184,3.146184,3.4461842,3.106184,3.2261841,2.356184,2.4461842,3.086184,4.126184,5.026184,5.8261843,5.646184,4.466184,4.296184,4.616184,4.156184,3.2261841,3.7061841,3.376184,2.816184,4.636184,4.336184,4.506184,4.7861843,5.526184,5.996184,5.406184,5.686184,6.0761843,6.0361843,5.906184,5.676184,5.946184,5.486184,5.5361843,4.966184,4.966184,6.026184,6.546184,6.336184,6.386184,6.176184,5.416184,4.8061843,3.816184,3.016184,1.1661841,0.7061841,0.92618406,-0.82381594,-0.5438159,-0.49381593,-1.073816,-2.233816,-1.293816,-1.2738159,-1.173816,-0.40381593,0.47618407
3.2261841,3.126184,3.526184,3.526184,3.1961842,3.066184,3.116184,3.516184,4.416184,4.816184,5.436184,5.226184,5.256184,5.2861843,5.406184,5.476184,4.916184,4.686184,5.126184,4.966184,5.126184,5.5561843,5.666184,5.256184,5.616184,5.3461843,5.766184,5.876184,4.896184,4.776184,5.066184,5.0761843,5.356184,5.5561843,5.886184,4.646184,5.126184,6.3261843,5.966184,6.226184,5.996184,5.656184,5.256184,5.366184,5.166184,3.9661841,2.146184,-0.20381592,0.27618408,1.8661841,-1.173816,-2.393816,-0.6638159,-0.9738159,-0.4238159,-0.8138159,0.41618407,-0.5038159,-0.5938159
2.776184,2.9261842,3.336184,3.4161842,3.4461842,3.146184,3.806184,4.396184,4.386184,4.946184,5.046184,5.446184,5.666184,5.086184,5.586184,5.866184,6.016184,5.436184,5.966184,6.0561843,5.316184,5.026184,5.006184,5.5361843,5.486184,5.586184,5.616184,5.276184,4.8461843,4.736184,4.526184,5.356184,4.836184,4.5961843,3.7061841,4.816184,4.946184,4.336184,4.426184,3.846184,4.3261843,4.386184,4.986184,5.696184,6.006184,3.826184,0.07618408,1.2361841,0.47618407,-1.913816,0.47618407,0.06618408,-1.0038159,-1.2438159,-0.5638159,-0.5638159,-0.6238159,-0.7538159,-0.033815917
2.566184,2.9761841,2.896184,2.9261842,2.526184,3.016184,3.6661842,4.156184,4.3261843,4.386184,4.746184,4.136184,4.886184,5.176184,5.016184,5.006184,5.176184,4.5561843,4.5561843,5.3061843,4.856184,4.736184,5.146184,5.456184,5.486184,5.0561843,5.0961843,5.016184,4.876184,4.7861843,4.776184,4.216184,3.856184,2.576184,2.746184,4.0761843,5.296184,4.836184,4.706184,5.226184,4.986184,4.996184,4.986184,5.456184,5.2861843,0.4861841,-0.22381592,-0.2638159,-1.0238159,-0.30381593,-0.6038159,-0.7538159,1.0361841,0.056184083,-0.3638159,-0.7138159,-0.21381591,-0.08381592,1.2261841
2.9861841,2.266184,2.316184,2.4761841,1.9661841,2.296184,3.056184,3.4661841,3.7261841,2.836184,3.076184,2.516184,2.4261842,3.636184,3.396184,4.156184,4.506184,4.046184,3.826184,4.5961843,5.296184,5.146184,5.066184,4.416184,4.836184,4.906184,4.8261843,4.706184,4.416184,4.466184,3.9461842,3.876184,4.246184,-0.95381594,3.856184,4.7861843,5.236184,4.3261843,4.666184,5.836184,5.586184,5.5561843,4.896184,4.966184,-0.16381592,0.036184084,1.0961841,0.3261841,-0.053815916,-0.40381593,2.336184,0.116184086,-0.7838159,0.7561841,0.7861841,-0.3238159,0.30618408,0.7661841,1.076184
2.4561841,2.266184,2.006184,2.586184,3.376184,3.9661841,2.286184,1.8461841,2.296184,1.1661841,1.9161841,2.806184,2.136184,2.576184,3.1761842,3.4161842,3.556184,3.836184,4.0361843,3.9161842,3.7161841,3.7061841,4.526184,4.706184,5.006184,4.956184,4.506184,4.406184,4.406184,4.396184,3.856184,3.886184,3.496184,4.246184,4.5761843,4.0361843,3.646184,4.206184,4.986184,4.626184,4.296184,4.106184,4.396184,4.206184,-1.0138159,-0.27381593,-0.88381594,0.2661841,0.036184084,0.24618408,-0.3838159,-0.3238159,1.4861841,0.2661841,-0.33381593,0.80618405,0.3961841,0.7461841,-0.6238159
1.686184,2.276184,2.4761841,2.766184,3.376184,3.556184,3.276184,2.016184,1.7661841,1.9161841,1.7861841,2.256184,2.4261842,2.546184,3.2261841,2.796184,2.996184,2.9761841,3.7061841,3.6761842,4.0761843,4.026184,5.176184,5.256184,4.7861843,5.2861843,5.336184,5.336184,4.926184,4.476184,4.156184,3.7361841,4.156184,3.836184,3.336184,3.356184,2.9661841,3.776184,4.106184,4.3461843,3.4361842,3.4261842,3.336184,1.426184,3.7061841,0.6261841,0.07618408,0.6261841,0.7061841,0.4561841,-0.47381592,1.1461841,-1.0238159,0.13618408,0.056184083,0.9961841,-1.913816,-0.77381593,-0.27381593
1.8861841,2.266184,2.886184,3.016184,1.7761841,2.816184,2.356184,2.1661842,1.946184,2.7161841,2.856184,3.2061841,2.9661841,2.9061842,3.026184,3.996184,4.376184,4.686184,5.7861843,5.646184,5.356184,5.136184,5.316184,6.0361843,5.976184,5.476184,5.8061843,5.466184,4.896184,4.446184,4.136184,3.6861842,3.286184,3.4161842,3.506184,3.1961842,3.4061842,3.806184,3.756184,3.7261841,3.4361842,3.396184,3.4461842,3.146184,2.4861841,0.9061841,-0.23381592,-0.6638159,1.686184,0.12618408,0.06618408,0.8961841,0.61618406,1.0961841,0.5261841,-0.6038159,-1.1038159,1.676184,-0.21381591
0.80618405,1.576184,2.096184,2.106184,2.536184,1.676184,2.2061841,3.116184,3.1761842,2.9761841,2.6661842,3.046184,4.236184,4.5761843,5.046184,5.016184,4.836184,5.116184,5.276184,5.436184,5.736184,5.726184,5.776184,6.026184,6.116184,5.436184,4.5361843,4.966184,4.816184,4.356184,3.846184,3.1861842,3.4861841,3.136184,3.2261841,3.2161841,3.336184,3.816184,4.166184,4.0361843,3.846184,4.0561843,4.726184,2.9861841,0.6461841,0.37618408,0.026184082,-0.16381592,0.8761841,0.41618407,1.2161841,0.9661841,0.5161841,0.006184082,-0.14381592,-1.293816,0.47618407,-0.7138159,-1.923816
2.396184,1.7561841,1.5461841,1.9861841,2.246184,3.126184,3.126184,3.2161841,3.296184,3.316184,3.9861841,4.656184,4.586184,5.5761843,5.5761843,4.756184,4.946184,5.186184,5.3061843,5.766184,6.236184,6.146184,6.046184,5.996184,5.566184,4.866184,4.986184,4.5761843,4.956184,4.5961843,4.176184,3.286184,3.036184,3.1761842,3.2261841,3.4761841,4.046184,4.236184,4.426184,4.626184,5.246184,5.916184,6.7861843,4.456184,2.146184,-0.44381592,1.5161841,0.006184082,-0.52381593,0.5761841,1.436184,1.8761841,1.426184,1.1461841,-0.053815916,-0.3638159,0.24618408,-0.6638159,-1.2438159
1.696184,2.076184,1.6661841,1.5461841,2.116184,2.2061841,2.756184,3.526184,3.6861842,3.4161842,3.816184,4.396184,4.7861843,4.5561843,4.8261843,4.366184,3.9561841,4.296184,4.396184,4.916184,4.456184,5.376184,5.746184,5.666184,5.936184,6.0761843,5.206184,5.006184,4.486184,4.5361843,3.806184,3.4161842,2.556184,2.796184,3.4561841,3.836184,4.3461843,4.686184,5.3461843,5.756184,6.126184,6.2861843,6.446184,6.436184,6.106184,-0.89381593,-0.5038159,0.4261841,-0.6138159,-0.37381592,0.06618408,1.1161841,0.4861841,-1.0138159,-1.1438159,-0.8638159,-0.6638159,-0.003815918,-0.023815919
1.2861841,1.6461841,1.2261841,1.3661841,1.5261841,2.246184,2.496184,2.296184,3.626184,4.336184,4.146184,4.516184,4.466184,4.2861843,4.7861843,4.506184,4.426184,3.7161841,3.6761842,4.396184,5.026184,5.246184,5.566184,5.696184,5.356184,5.026184,5.0361843,4.956184,4.756184,4.126184,3.796184,3.566184,3.4361842,3.286184,3.6561842,4.3261843,4.706184,5.266184,5.906184,6.3061843,6.336184,6.466184,6.376184,6.146184,5.886184,1.0361841,-2.7938159,-1.4938159,0.60618407,0.66618407,-0.053815916,-0.95381594,-0.43381593,-0.21381591,-0.07381592,-0.19381592,-0.82381594,-0.9938159,0.036184084
-0.5938159,-0.20381592,0.25618407,0.6961841,0.85618407,1.4861841,1.3661841,2.326184,3.066184,3.796184,4.046184,3.776184,3.586184,2.776184,3.856184,4.0561843,4.5761843,4.8061843,4.966184,5.256184,5.416184,5.616184,5.3061843,4.706184,5.236184,5.206184,5.416184,5.006184,4.396184,4.3261843,3.816184,3.616184,4.0561843,3.4461842,3.746184,4.126184,4.5361843,4.906184,5.246184,5.486184,6.006184,6.0961843,5.976184,5.666184,5.216184,1.8561841,1.1361841,-0.04381592,0.7561841,1.0461841,-0.70381594,-0.4538159,-0.63381594,-0.12381592,0.006184082,0.6361841,1.076184,0.7661841,-0.093815915
-0.83381593,-0.83381593,0.13618408,-0.14381592,-0.003815918,1.1361841,1.2661841,1.3461841,1.5061841,1.826184,2.006184,2.1961842,3.256184,3.1661842,3.4861841,3.566184,4.196184,4.406184,5.026184,5.506184,5.756184,5.446184,5.756184,5.186184,4.586184,5.136184,5.046184,4.566184,4.466184,4.246184,4.2861843,4.456184,4.3261843,4.366184,4.736184,4.8461843,5.236184,5.626184,5.3061843,5.106184,5.316184,5.296184,5.0761843,4.676184,5.3261843,4.026184,0.5061841,0.006184082,-0.4838159,0.09618408,0.27618408,0.27618408,0.116184086,0.6261841,0.6561841,-0.13381591,-0.10381592,0.27618408,-0.07381592
-0.21381591,1.586184,0.5161841,1.0961841,1.056184,1.1161841,0.3961841,1.5261841,1.2461841,0.8161841,1.0361841,2.076184,1.7361841,2.9261842,3.886184,4.526184,4.706184,4.686184,4.676184,4.766184,5.2861843,5.406184,4.956184,5.066184,4.546184,4.266184,4.416184,4.916184,4.5561843,4.646184,4.506184,4.526184,4.8061843,4.996184,5.006184,5.2861843,5.646184,6.0361843,5.936184,5.396184,5.256184,5.166184,4.676184,4.066184,3.9761841,4.0761843,1.6061841,-0.31381592,-0.13381591,1.0461841,0.3861841,-0.6238159,-0.22381592,-1.0138159,-0.94381595,0.5661841,0.44618407,0.09618408,0.55618405
2.1861842,2.2261841,2.996184,3.036184,3.2061841,3.526184,3.856184,2.136184,2.9161842,3.9061842,3.036184,3.036184,3.776184,3.606184,3.296184,3.4261842,2.296184,3.006184,4.146184,3.7061841,4.376184,4.816184,5.026184,5.426184,5.676184,5.186184,5.006184,4.356184,4.456184,4.566184,4.656184,4.986184,5.066184,5.156184,4.936184,5.206184,5.5561843,5.916184,5.686184,6.006184,5.876184,5.606184,5.066184,4.156184,3.616184,4.266184,4.146184,-1.313816,-1.1138159,1.076184,-0.11381592,-0.16381592,-0.4538159,-0.28381592,-0.24381591,-0.9738159,-1.1138159,-0.69381595,-0.94381595
0.7661841,1.7561841,2.106184,1.9661841,2.2361841,2.746184,3.6761842,4.266184,3.886184,3.586184,5.086184,4.276184,3.366184,4.366184,4.526184,4.316184,4.366184,2.806184,2.4861841,3.6961842,3.9761841,4.5961843,5.116184,5.876184,5.546184,6.186184,5.496184,5.466184,4.976184,5.066184,5.3261843,5.196184,4.8461843,4.916184,4.916184,4.926184,4.926184,5.196184,5.2861843,5.166184,4.916184,5.2861843,4.936184,4.5361843,3.9261842,4.486184,4.3261843,2.7161841,0.5961841,-0.6838159,0.43618408,1.196184,2.1961842,0.3661841,0.86618406,-1.1138159,-0.3838159,0.8761841,1.196184
0.6261841,0.5961841,0.6561841,1.316184,1.456184,1.8861841,2.136184,3.266184,3.606184,4.006184,3.6761842,4.0561843,3.886184,3.356184,3.9061842,5.136184,4.606184,5.616184,4.406184,3.886184,4.0361843,4.196184,4.526184,5.206184,5.146184,5.5961843,6.656184,5.896184,5.766184,5.686184,5.216184,5.156184,5.086184,5.256184,5.416184,5.026184,4.916184,4.976184,5.0361843,5.066184,5.656184,4.526184,4.276184,4.0361843,3.636184,3.9361842,4.316184,4.166184,-0.3538159,-1.1038159,-2.223816,-0.44381592,-1.543816,1.316184,0.8361841,0.15618408,-1.2638159,-1.0938159,-1.9638159
0.7061841,0.19618408,0.5261841,0.98618406,1.7961841,0.5961841,0.67618406,1.1061841,0.9361841,1.0261841,1.7461841,1.806184,2.366184,3.106184,3.4861841,3.4861841,4.176184,4.3061843,3.7061841,4.676184,3.9561841,4.686184,4.3061843,4.916184,4.896184,5.406184,5.276184,5.5761843,5.7861843,5.276184,5.3261843,5.276184,5.0961843,5.386184,5.0561843,5.0561843,4.426184,4.5761843,4.356184,4.656184,4.516184,4.266184,4.456184,4.126184,3.746184,3.296184,3.296184,5.116184,-0.82381594,0.04618408,1.056184,-2.853816,-3.433816,2.1661842,0.27618408,0.9061841,0.4561841,-1.6538159,-0.95381594
0.4561841,-0.07381592,-0.023815919,0.8861841,0.72618407,0.72618407,0.7161841,0.3261841,1.1261841,1.4861841,1.8661841,1.8661841,1.9161841,2.336184,2.2361841,2.506184,2.4861841,3.326184,4.016184,3.886184,4.706184,4.486184,4.126184,4.526184,4.816184,4.8461843,4.666184,4.746184,4.3261843,4.866184,4.886184,4.936184,4.8461843,4.956184,4.956184,5.0361843,4.996184,4.626184,4.586184,4.316184,4.256184,4.146184,4.196184,4.206184,3.6661842,3.1561842,3.576184,4.646184,5.0761843,0.4561841,1.6161841,1.8761841,3.076184,-0.3638159,0.7161841,-0.2638159,0.086184084,0.41618407,0.4861841
0.086184084,0.016184082,-0.46381593,-0.19381592,-0.37381592,0.4561841,0.5861841,0.6361841,0.6261841,0.8761841,1.2461841,2.386184,2.336184,3.006184,3.4061842,2.6661842,2.646184,2.496184,3.266184,3.836184,4.026184,4.436184,4.256184,2.7361841,3.566184,4.066184,4.116184,4.166184,4.496184,3.9761841,4.2861843,4.136184,4.396184,4.836184,4.746184,4.776184,4.486184,4.176184,4.656184,4.716184,4.366184,4.336184,3.6761842,3.9061842,3.816184,2.9461842,2.996184,3.256184,4.006184,4.606184,1.8461841,0.5061841,0.43618408,2.846184,-0.8638159,-4.833816,0.6561841,0.5661841,-0.14381592
0.12618408,-0.12381592,-0.41381592,-0.8438159,-0.4538159,-0.24381591,-0.25381592,0.10618408,0.8461841,0.9461841,0.85618407,1.5261841,1.7561841,1.946184,2.146184,2.366184,2.9461842,2.556184,2.776184,2.7161841,2.9661841,3.316184,4.116184,2.7161841,2.496184,2.6961842,2.746184,3.536184,3.496184,3.636184,3.896184,3.876184,4.0961843,3.9661841,4.126184,4.436184,4.0561843,4.216184,4.816184,4.516184,3.6961842,4.156184,3.4061842,3.626184,3.076184,2.776184,2.6661842,3.4461842,3.256184,4.026184,3.636184,2.9061842,2.116184,-0.093815915,2.366184,0.9661841,-1.053816,-1.5138159,0.72618407
